105 87953 19 32 35
121 87954 19 32 35
137 87955 19 32 35
153 87956 19 32 35
169 87957 19 32 35
185 87958 19 32 35
201 87959 19 32 35
217 87960 19 32 35
233 87961 19 32 35
16 87962 19 32 35
32 87963 19 32 35
48 87964 19 32 35
64 87965 19 32 35
80 87966 19 32 35
96 87967 19 32 35
112 87968 19 32 35
128 87969 19 32 35
144 87970 19 32 35
160 87971 19 32 35
176 87972 19 32 35
192 87973 19 32 35
208 87974 19 32 35
224 87975 19 32 35
7 87976 19 32 35
23 87977 19 32 35
39 87978 19 32 35
55 87979 19 32 35
71 87980 19 32 35
87 87981 19 32 35
103 87982 19 32 35
119 87983 19 32 35
135 87984 19 32 35
151 87985 19 32 35
167 87986 19 32 35
183 87987 19 32 35
199 87988 19 32 35
215 87989 19 32 35
231 87990 19 32 35
14 87991 19 32 35
30 87992 19 32 35
46 87993 19 32 35
62 87994 19 32 35
78 87995 19 32 35
94 87996 19 32 35
110 87997 19 32 35
126 87998 19 32 35
142 87999 19 32 35
158 88000 19 32 35
174 88001 19 32 35
190 88002 19 32 35
206 88003 19 32 35
222 88004 19 32 35
5 88005 19 32 35
21 88006 19 32 35
37 88007 19 32 35
53 88008 19 32 35
69 88009 19 32 35
85 88010 19 32 35
101 88011 19 32 35
117 88012 19 32 35
133 88013 19 32 35
149 88014 19 32 35
165 88015 19 32 35
181 88016 19 32 35
197 88017 19 32 35
213 88018 19 32 35
229 88019 19 32 35
12 88020 19 32 35
28 88021 19 32 35
44 88022 19 32 35
60 88023 19 32 35
76 88024 19 32 35
92 88025 19 32 35
108 88026 19 32 35
124 88027 19 32 35
140 88028 19 32 35
156 88029 19 32 35
172 88030 19 32 35
188 88031 19 32 35
204 88032 19 32 35
220 88033 19 32 35
3 88034 19 32 35
19 88035 19 32 35
35 88036 19 32 35
51 88037 19 32 35
67 88038 19 32 35
83 88039 19 32 35
99 88040 19 32 35
115 88041 19 32 35
131 88042 19 32 35
147 88043 19 32 35
163 88044 19 32 35
179 88045 19 32 35
195 88046 19 32 35
211 88047 19 32 35
227 88048 19 32 35
10 88049 19 32 35
26 88050 19 32 35
42 88051 19 32 35
58 88052 19 32 35
74 88053 19 32 35
90 88054 19 32 35
106 88055 19 32 35
122 88056 19 32 35
138 88057 19 32 35
154 88058 19 32 35
170 88059 19 32 35
186 88060 19 32 35
202 88061 19 32 35
218 88062 19 32 35
1 88063 19 32 35
17 88064 19 32 35
33 88065 19 32 35
49 88066 19 32 35
65 88067 19 32 35
81 88068 19 32 35
97 88069 19 32 35
113 88070 19 32 35
129 88071 19 32 35
145 88072 19 32 35
161 88073 19 32 35
177 88074 19 32 35
193 88075 19 32 35
209 88076 19 32 35
225 88077 19 32 35
8 88078 19 32 35
24 88079 19 32 35
40 88080 19 32 35
56 88081 19 32 35
72 88082 19 32 35
88 88083 19 32 35
104 88084 19 32 35
120 88085 19 32 35
136 88086 19 32 35
152 88087 19 32 35
168 88088 19 32 35
184 88089 19 32 35
200 88090 19 32 35
216 88091 19 32 35
232 88092 19 32 35
15 88093 19 32 35
31 88094 19 32 35
47 88095 19 32 35
63 88096 19 32 35
79 88097 19 32 35
95 88098 19 32 35
111 88099 19 32 35
127 88100 19 32 35
143 88101 19 32 35
159 88102 19 32 35
175 88103 19 32 35
191 88104 19 32 35
207 88105 19 32 35
223 88106 19 32 35
6 88107 19 32 35
22 88108 19 32 35
38 88109 19 32 35
54 88110 19 32 35
70 88111 19 32 35
86 88112 19 32 35
102 88113 19 32 35
118 88114 19 32 35
134 88115 19 32 35
150 88116 19 32 35
166 88117 19 32 35
182 88118 19 32 35
198 88119 19 32 35
214 88120 19 32 35
230 88121 19 32 35
13 88122 19 32 35
29 88123 19 32 35
45 88124 19 32 35
61 88125 19 32 35
77 88126 19 32 35
93 88127 19 32 35
109 88128 19 32 35
125 88129 19 32 35
141 88130 19 32 35
157 88131 19 32 35
173 88132 19 32 35
189 88133 19 32 35
205 88134 19 32 35
221 88135 19 32 35
4 88136 19 32 35
20 88137 19 32 35
36 88138 19 32 35
52 88139 19 32 35
68 88140 19 32 35
84 88141 19 32 35
100 88142 19 32 35
116 88143 19 32 35
132 88144 19 32 35
148 88145 19 32 35
164 88146 19 32 35
180 88147 19 32 35
196 88148 19 32 35
212 88149 19 32 35
228 88150 19 32 35
11 88151 19 32 35
27 88152 19 32 35
43 88153 19 32 35
59 88154 19 32 35
75 88155 19 32 35
91 88156 19 32 35
107 88157 19 32 35
123 88158 19 32 35
139 88159 19 32 35
155 88160 19 32 35
171 88161 19 32 35
187 88162 19 32 35
203 88163 19 32 35
219 88164 19 32 35
2 88165 19 32 35
18 88166 19 32 35
34 88167 19 32 35
50 88168 19 32 35
66 88169 19 32 35
82 88170 19 32 35
98 88171 19 32 35
114 88172 19 32 35
130 88173 19 32 35
146 88174 19 32 35
162 88175 19 32 35
178 88176 19 32 35
194 88177 19 32 35
210 88178 19 32 35
226 88179 19 32 35
9 88180 19 32 35
25 88181 19 32 35
41 88182 19 32 35
57 88183 19 32 35
73 88184 19 32 35
89 88185 19 32 35
105 88186 19 32 35
121 88187 19 32 35
137 88188 19 32 35
153 88189 19 32 35
169 88190 19 32 35
185 88191 19 32 35
201 88192 19 32 35
217 88193 19 32 35
233 88194 19 32 35
16 88195 19 32 35
32 88196 19 32 35
48 88197 19 32 35
64 88198 19 32 35
80 88199 19 32 35
96 88200 19 32 35
112 88201 19 32 35
128 88202 19 32 35
144 88203 19 32 35
160 88204 19 32 35
176 88205 19 32 35
192 88206 19 32 35
208 88207 19 32 35
224 88208 19 32 35
7 88209 19 32 35
23 88210 19 32 35
39 88211 19 32 35
55 88212 19 32 35
71 88213 19 32 35
87 88214 19 32 35
103 88215 19 32 35
119 88216 19 32 35
135 88217 19 32 35
151 88218 19 32 35
167 88219 19 32 35
183 88220 19 32 35
199 88221 19 32 35
215 88222 19 32 35
231 88223 19 32 35
14 88224 19 32 35
30 88225 19 32 35
46 88226 19 32 35
62 88227 19 32 35
78 88228 19 32 35
94 88229 19 32 35
110 88230 19 32 35
126 88231 19 32 35
142 88232 19 32 35
158 88233 19 32 35
174 88234 19 32 35
190 88235 19 32 35
206 88236 19 32 35
222 88237 19 32 35
5 88238 19 32 35
21 88239 19 32 35
37 88240 19 32 35
53 88241 19 32 35
69 88242 19 32 35
85 88243 19 32 35
101 88244 19 32 35
117 88245 19 32 35
133 88246 19 32 35
149 88247 19 32 35
165 88248 19 32 35
181 88249 19 32 35
197 88250 19 32 35
213 88251 19 32 35
229 88252 19 32 35
12 88253 19 32 35
28 88254 19 32 35
44 88255 19 32 35
60 88256 19 32 35
76 88257 19 32 35
92 88258 19 32 35
108 88259 19 32 35
124 88260 19 32 35
140 88261 19 32 35
156 88262 19 32 35
172 88263 19 32 35
188 88264 19 32 35
204 88265 19 32 35
220 88266 19 32 35
3 88267 19 32 35
19 88268 19 32 35
35 88269 19 32 35
51 88270 19 32 35
67 88271 19 32 35
83 88272 19 32 35
99 88273 19 32 35
115 88274 19 32 35
131 88275 19 32 35
147 88276 19 32 35
163 88277 19 32 35
179 88278 19 32 35
195 88279 19 32 35
211 88280 19 32 35
227 88281 19 32 35
10 88282 19 32 35
26 88283 19 32 35
42 88284 19 32 35
58 88285 19 32 35
74 88286 19 32 35
90 88287 19 32 35
106 88288 19 32 35
122 88289 19 32 35
138 88290 19 32 35
154 88291 19 32 35
170 88292 19 32 35
186 88293 19 32 35
202 88294 19 32 35
218 88295 19 32 35
1 88296 19 32 35
17 88297 19 32 35
33 88298 19 32 35
49 88299 19 32 35
65 88300 19 32 35
81 88301 19 32 35
97 88302 19 32 35
113 88303 19 32 35
129 88304 19 32 35
145 88305 19 32 35
161 88306 19 32 35
177 88307 19 32 35
193 88308 19 32 35
209 88309 19 32 35
225 88310 19 32 35
8 88311 19 32 35
24 88312 19 32 35
40 88313 19 32 35
56 88314 19 32 35
72 88315 19 32 35
88 88316 19 32 35
104 88317 19 32 35
120 88318 19 32 35
136 88319 19 32 35
152 88320 19 32 35
168 88321 19 32 35
184 88322 19 32 35
200 88323 19 32 35
216 88324 19 32 35
232 88325 19 32 35
15 88326 19 32 35
31 88327 19 32 35
47 88328 19 32 35
63 88329 19 32 35
79 88330 19 32 35
95 88331 19 32 35
111 88332 19 32 35
127 88333 19 32 35
143 88334 19 32 35
159 88335 19 32 35
175 88336 19 32 35
191 88337 19 32 35
207 88338 19 32 35
223 88339 19 32 35
6 88340 19 32 35
22 88341 19 32 35
38 88342 19 32 35
54 88343 19 32 35
70 88344 19 32 35
86 88345 19 32 35
102 88346 19 32 35
118 88347 19 32 35
134 88348 19 32 35
150 88349 19 32 35
166 88350 19 32 35
182 88351 19 32 35
198 88352 19 32 35
214 88353 19 32 35
230 88354 19 32 35
13 88355 19 32 35
29 88356 19 32 35
45 88357 19 32 35
61 88358 19 32 35
77 88359 19 32 35
93 88360 19 32 35
109 88361 19 32 35
125 88362 19 32 35
141 88363 19 32 35
157 88364 19 32 35
173 88365 19 32 35
189 88366 19 32 35
205 88367 19 32 35
221 88368 19 32 35
4 88369 19 32 35
20 88370 19 32 35
36 88371 19 32 35
52 88372 19 32 35
68 88373 19 32 35
84 88374 19 32 35
100 88375 19 32 35
116 88376 19 32 35
132 88377 19 32 35
148 88378 19 32 35
164 88379 19 32 35
180 88380 19 32 35
196 88381 19 32 35
212 88382 19 32 35
228 88383 19 32 35
11 88384 19 32 35
27 88385 19 32 35
43 88386 19 32 35
59 88387 19 32 35
75 88388 19 32 35
91 88389 19 32 35
107 88390 19 32 35
123 88391 19 32 35
139 88392 19 32 35
155 88393 19 32 35
171 88394 19 32 35
187 88395 19 32 35
203 88396 19 32 35
219 88397 19 32 35
2 88398 19 32 35
18 88399 19 32 35
34 88400 19 32 35
50 88401 19 32 35
66 88402 19 32 35
82 88403 19 32 35
